-33.0 -42.0 -22.0
-31.0 -33.0 -19.0
-36.0 -63.0 -18.0
-25.0 -55.0 -9.0
-24.0 -73.0 -11.0
-37.0 -82.0 -16.0
-19.0 -38.0 -12.0
-46.0 -71.0 -9.0
-17.0 -87.0 -15.0
-13.0 -62.0 -5.0
-7.0 -76.0 -6.0
-25.0 -97.0 -12.0
-14.0 -43.0 -6.0
-42.0 -87.0 -4.0
-8.0 -98.0 -8.0
-15.0 -57.0 1.0
-47.0 -74.0 6.0
-5.0 -89.0 1.0
-25.0 -96.0 5.0
-14.0 -49.0 3.0
-8.0 -75.0 9.0
-19.0 -65.0 6.0
-40.0 -84.0 14.0
-11.0 -97.0 17.0
-3.0 -85.0 24.0
-13.0 -72.0 20.0
-25.0 -85.0 21.0
-32.0 -85.0 27.0
-17.0 -89.0 33.0
-13.0 -81.0 35.0
-22.0 -79.0 44.0
-50.0 -10.0 0.0
-56.0 -22.0 7.0
-37.0 -25.0 9.0
-39.0 -10.0 12.0
-36.0 -27.0 18.0
-59.0 -38.0 15.0
-42.0 -36.0 14.0
-49.0 -13.0 14.0
-60.0 -3.0 11.0
-49.0 -25.0 17.0
-61.0 -18.0 19.0
-60.0 -3.0 23.0
-63.0 -11.0 31.0
-54.0 -9.0 29.0
-55.0 -20.0 40.0
-51.0 -7.0 43.0
-48.0 -17.0 40.0
-8.0 -16.0 46.0
-41.0 -15.0 47.0
-49.0 -18.0 54.0
-48.0 -30.0 58.0
-40.0 -25.0 52.0
-9.0 -38.0 53.0
-5.0 -25.0 56.0
-4.0 -9.0 59.0
-36.0 -20.0 63.0
-31.0 -47.0 62.0
-33.0 -29.0 62.0
-30.0 -39.0 64.0
-24.0 -11.0 64.0
-20.0 -25.0 66.0
-9.0 -42.0 70.0
-5.0 -26.0 68.0
-15.0 -12.0 72.0
-19.0 -31.0 68.0
-20.0 -40.0 71.0
-12.0 -27.0 73.0
-45.0 -43.0 -22.0
-49.0 -56.0 -16.0
-56.0 -62.0 -1.0
-48.0 -66.0 14.0
-27.0 -71.0 30.0
-55.0 -32.0 44.0
-23.0 -66.0 46.0
-47.0 -30.0 43.0
-34.0 -47.0 40.0
-29.0 -59.0 50.0
-39.0 -38.0 49.0
-36.0 -52.0 56.0
-15.0 -72.0 57.0
-29.0 -62.0 62.0
-8.0 -59.0 63.0
-20.0 -57.0 66.0
-13.0 -51.0 71.0
-41.0 -3.0 51.0
-26.0 -1.0 55.0
-31.0 -9.0 51.0
-22.0 5.0 64.0
-50.0 6.0 25.0
-50.0 2.0 37.0
-55.0 -32.0 22.0
-59.0 -45.0 27.0
-62.0 -24.0 32.0
-62.0 -37.0 33.0
-57.0 -54.0 9.0
-45.0 5.0 -17.0
-39.0 1.0 -5.0
-33.0 24.0 -1.0
-40.0 -15.0 -2.0
-33.0 19.0 8.0
-37.0 4.0 10.0
-44.0 11.0 2.0
-51.0 1.0 4.0
-53.0 8.0 13.0
-29.0 43.0 29.0
-6.0 21.0 31.0
-7.0 0.0 40.0
-11.0 -28.0 41.0
-6.0 9.0 48.0
-13.0 -42.0 47.0
-6.0 -50.0 57.0
-9.0 -3.0 70.0
-13.0 24.0 -21.0
-24.0 22.0 -20.0
-11.0 47.0 -22.0
-4.0 23.0 -20.0
-16.0 64.0 -9.0
-38.0 -6.0 -43.0
-26.0 5.0 -39.0
-26.0 -9.0 -33.0
-54.0 -22.0 -32.0
-41.0 -22.0 -27.0
-44.0 12.0 -34.0
-32.0 11.0 -30.0
-22.0 -21.0 -26.0
-29.0 -75.0 42.0
-59.0 -42.0 45.0
-54.0 -50.0 44.0
-35.0 -63.0 47.0
-43.0 -53.0 48.0
-45.0 -42.0 46.0
-61.0 -49.0 -10.0
-28.0 49.0 -14.0
-42.0 49.0 -7.0
-48.0 35.0 10.0
-39.0 49.0 11.0
-28.0 56.0 12.0
-42.0 37.0 21.0
-45.0 20.0 27.0
-40.0 7.0 33.0
-36.0 31.0 38.0
-34.0 16.0 -9.0
-10.0 -78.0 45.0
-5.0 -64.0 51.0
-4.0 6.0 28.0
-5.0 -22.0 28.0
-4.0 28.0 47.0
-54.0 -2.0 -30.0
-62.0 -18.0 -21.0
-61.0 -37.0 -19.0
-58.0 -9.0 -14.0
-53.0 6.0 -12.0
-61.0 -35.0 -4.0
-53.0 -23.0 -6.0
-61.0 -13.0 -3.0
-62.0 -32.0 4.0
-53.0 -43.0 5.0
-59.0 -49.0 16.0
-46.0 -59.0 21.0
-41.0 -79.0 30.0
-48.0 -64.0 31.0
-57.0 -55.0 29.0
-42.0 -73.0 43.0
-49.0 -60.0 46.0
-36.0 22.0 -16.0
-36.0 36.0 -13.0
-5.0 55.0 -11.0
-6.0 34.0 -9.0
-47.0 31.0 -11.0
-28.0 58.0 -1.0
-48.0 28.0 0.0
-7.0 59.0 6.0
-7.0 44.0 5.0
-53.0 19.0 11.0
-17.0 67.0 8.0
-6.0 33.0 20.0
-5.0 51.0 27.0
-14.0 57.0 30.0
-22.0 50.0 31.0
-25.0 28.0 43.0
-42.0 18.0 47.0
-8.0 42.0 51.0
-19.0 35.0 48.0
-42.0 7.0 48.0
-30.0 13.0 57.0
-23.0 19.0 51.0
-13.0 24.0 61.0
-7.0 10.0 64.0
-8.0 -52.0 9.0
-14.0 -61.0 18.0
-5.0 -54.0 20.0
-6.0 -41.0 23.0
-11.0 -70.0 31.0
-6.0 -61.0 30.0
-8.0 -45.0 32.0
-4.0 -34.0 37.0
-3.0 -16.0 37.0
-4.0 -69.0 41.0
-7.0 -51.0 42.0
33.0 -37.0 -23.0
30.0 -32.0 -18.0
35.0 -54.0 -18.0
37.0 -74.0 -16.0
26.0 -52.0 -9.0
23.0 -74.0 -11.0
18.0 -36.0 -13.0
19.0 -88.0 -13.0
50.0 -65.0 -10.0
42.0 -84.0 -13.0
9.0 -73.0 -5.0
12.0 -58.0 -4.0
25.0 -97.0 -10.0
17.0 -45.0 -3.0
8.0 -93.0 -2.0
48.0 -66.0 4.0
14.0 -48.0 4.0
35.0 -89.0 2.0
8.0 -74.0 8.0
21.0 -60.0 5.0
23.0 -99.0 7.0
43.0 -79.0 10.0
12.0 -95.0 18.0
15.0 -67.0 18.0
5.0 -81.0 23.0
27.0 -88.0 20.0
35.0 -80.0 24.0
14.0 -78.0 33.0
16.0 -87.0 36.0
28.0 -78.0 36.0
53.0 2.0 -6.0
61.0 -19.0 -1.0
53.0 -14.0 5.0
39.0 -19.0 5.0
37.0 -8.0 13.0
34.0 -22.0 14.0
60.0 -24.0 10.0
64.0 -35.0 10.0
40.0 -14.0 18.0
41.0 -29.0 17.0
49.0 -11.0 12.0
59.0 0.0 10.0
48.0 -22.0 18.0
61.0 -12.0 15.0
60.0 6.0 29.0
59.0 -6.0 27.0
61.0 -15.0 30.0
51.0 -7.0 37.0
54.0 -17.0 40.0
11.0 -18.0 41.0
52.0 -13.0 49.0
44.0 -11.0 48.0
49.0 -26.0 55.0
6.0 -10.0 51.0
43.0 -22.0 54.0
36.0 -20.0 63.0
32.0 -35.0 63.0
31.0 -41.0 63.0
34.0 -28.0 60.0
4.0 -25.0 58.0
28.0 -11.0 64.0
9.0 -41.0 68.0
21.0 -25.0 66.0
22.0 -29.0 67.0
22.0 -35.0 70.0
16.0 -7.0 69.0
16.0 -47.0 73.0
5.0 -22.0 71.0
16.0 -19.0 72.0
12.0 -33.0 75.0
49.0 -50.0 -19.0
59.0 -55.0 -3.0
53.0 -56.0 12.0
45.0 -76.0 30.0
31.0 -67.0 35.0
57.0 -23.0 44.0
18.0 -80.0 50.0
43.0 -38.0 49.0
45.0 -29.0 42.0
30.0 -64.0 53.0
36.0 -45.0 45.0
20.0 -69.0 52.0
35.0 -36.0 51.0
33.0 -51.0 54.0
8.0 -71.0 52.0
26.0 -59.0 60.0
7.0 -54.0 59.0
13.0 -64.0 64.0
24.0 -50.0 68.0
39.0 -4.0 52.0
27.0 -4.0 52.0
24.0 -4.0 63.0
48.0 8.0 24.0
59.0 -47.0 6.0
52.0 -41.0 12.0
61.0 -40.0 21.0
57.0 -31.0 24.0
60.0 -22.0 22.0
62.0 -26.0 38.0
62.0 -38.0 36.0
50.0 3.0 40.0
40.0 5.0 -16.0
40.0 8.0 -3.0
40.0 -11.0 -5.0
39.0 -2.0 5.0
37.0 22.0 4.0
38.0 6.0 10.0
49.0 4.0 3.0
53.0 11.0 11.0
32.0 44.0 28.0
7.0 18.0 35.0
7.0 2.0 43.0
11.0 -34.0 42.0
5.0 10.0 57.0
10.0 -44.0 53.0
10.0 -33.0 50.0
6.0 -2.0 66.0
16.0 6.0 69.0
13.0 23.0 -21.0
23.0 22.0 -21.0
7.0 46.0 -24.0
19.0 42.0 -19.0
4.0 21.0 -21.0
9.0 62.0 -15.0
27.0 -2.0 -41.0
48.0 -7.0 -40.0
36.0 16.0 -38.0
39.0 -15.0 -32.0
28.0 12.0 -31.0
49.0 -28.0 -26.0
22.0 -19.0 -28.0
54.0 -53.0 44.0
55.0 -41.0 47.0
35.0 -71.0 46.0
53.0 -34.0 51.0
46.0 -45.0 46.0
40.0 -56.0 48.0
61.0 -29.0 -20.0
63.0 -43.0 -11.0
33.0 21.0 -8.0
27.0 54.0 -14.0
42.0 50.0 -7.0
27.0 59.0 2.0
48.0 39.0 5.0
41.0 45.0 14.0
49.0 30.0 18.0
48.0 18.0 23.0
25.0 54.0 24.0
47.0 28.0 28.0
39.0 10.0 33.0
39.0 33.0 38.0
44.0 18.0 43.0
43.0 6.0 50.0
34.0 15.0 55.0
24.0 9.0 57.0
13.0 -72.0 38.0
5.0 -64.0 43.0
6.0 -27.0 27.0
4.0 1.0 30.0
7.0 34.0 25.0
4.0 28.0 48.0
54.0 -46.0 19.0
48.0 -65.0 21.0
53.0 -54.0 25.0
56.0 -46.0 32.0
47.0 -65.0 41.0
49.0 8.0 -33.0
60.0 -8.0 -23.0
47.0 16.0 -21.0
54.0 -5.0 -15.0
62.0 -24.0 -8.0
48.0 -21.0 -8.0
63.0 -38.0 0.0
50.0 -34.0 1.0
34.0 23.0 -18.0
35.0 37.0 -14.0
48.0 31.0 -8.0
53.0 23.0 6.0
5.0 40.0 -11.0
9.0 66.0 1.0
7.0 42.0 4.0
7.0 53.0 12.0
17.0 64.0 16.0
5.0 24.0 18.0
6.0 57.0 29.0
16.0 52.0 35.0
4.0 44.0 40.0
26.0 34.0 39.0
13.0 39.0 52.0
23.0 25.0 50.0
11.0 19.0 62.0
12.0 -55.0 15.0
7.0 -44.0 19.0
16.0 -64.0 27.0
5.0 -53.0 22.0
4.0 -64.0 31.0
6.0 -39.0 34.0
4.0 -20.0 37.0
9.0 -53.0 35.0
7.0 -50.0 44.0
26.0 -15.0 -22.0
28.0 -32.0 -8.0
27.0 -2.0 -24.0
21.0 -6.0 -18.0
16.0 -31.0 2.0
13.0 -23.0 2.0
8.0 -11.0 6.0
12.0 -23.0 11.0
11.0 10.0 -8.0
14.0 18.0 -4.0
23.0 -9.0 -2.0
17.0 -1.0 -2.0
24.0 9.0 -3.0
29.0 -7.0 3.0
13.0 14.0 6.0
14.0 3.0 16.0
-27.0 -15.0 -21.0
-28.0 -32.0 -8.0
-28.0 -2.0 -23.0
-22.0 -6.0 -18.0
-16.0 -31.0 2.0
-13.0 -23.0 2.0
-8.0 -11.0 6.0
-12.0 -23.0 12.0
-11.0 11.0 -8.0
-15.0 18.0 -4.0
-24.0 -9.0 -2.0
-18.0 -1.0 -2.0
-24.0 9.0 -3.0
-30.0 -7.0 3.0
-13.0 14.0 6.0
-14.0 3.0 16.0
-16 -54 -28
16 -54 -28
0 -68 -30
-28 -54 -52
-30 -70 -38
30 -64 -38
-20 -80 -36
25 -80 -34
35 -68 -40
-44 -68 -42